name,population,latitude,longitude,dst_offset,raw_offset,total_offset,timezone,sunset_utc,sunset_hour,sunset_min
tokyo,31480498.0,35.685,139.751389,0,32400,32400,0,35100,18,0
shanghai,14608512.0,31.045556,121.399722,0,28800,28800,0,38940,18,0
bombay,12692717.0,18.975,72.825833,0,19800,19800,0,49440,19,0
karachi,11627378.0,24.9056,67.0822,0,18000,18000,0,51420,19,0
delhi,10928270.0,28.666667,77.216667,0,19800,19800,0,49380,19,0
new delhi,10928270.0,28.6,77.2,0,19800,19800,0,49320,19,0
manila,10443877.0,14.6042,120.9822,0,28800,28800,0,37500,18,0
moscow,10381288.0,55.752222,37.615556,0,14400,14400,0,63480,21,0
seoul,10323448.0,37.5985,126.9783,0,32400,32400,0,38400,19,0
sao paulo,10021437.0,-23.473293,-46.665803,0,-10800,-10800,0,74640,17,0
istanbul,9797536.0,41.018611,28.964722,3600,7200,10800,0,62460,20,0
lagos,8789133.0,6.453056,3.395833,0,3600,3600,0,65040,19,0
mexico,8720916.0,19.434167,-99.138611,3600,-21600,-18000,0,4380,20,0
jakarta,8540306.0,-6.174444,106.829444,0,25200,25200,0,39240,17,0
new york,8107916.0,40.7141667,-74.0063889,3600,-18000,-14400,0,720,20,0
kinshasa,7787832.0,-4.3,15.3,0,3600,3600,0,61380,18,0
cairo,7734602.0,30.05,31.25,0,7200,7200,0,60540,18,0
lima,7646786.0,-12.05,-77.05,0,-18000,-18000,0,82920,18,0
peking,7480601.0,39.928889,116.388333,0,28800,28800,0,41280,19,0
london,7421228.0,51.514125,-0.093689,3600,0,3600,0,71400,20,0
bogota,7102602.0,4.649178,-74.062827,0,-18000,-18000,0,83520,18,0
dhaka,6493177.0,23.7230556,90.4086111,0,21600,21600,0,45660,18,0
lahore,6312576.0,31.549722,74.343611,0,18000,18000,0,50340,18,0
rio de janeiro,6023742.0,-22.9,-43.233333,0,-10800,-10800,0,73860,17,0
baghdad,5672516.0,33.3386111,44.3938889,0,10800,10800,0,57720,19,0
bangkok,5104475.0,13.753979,100.501444,0,25200,25200,0,42360,18,0
bangalore,4931603.0,12.983333,77.583333,0,19800,19800,0,47820,18,0
santiago,4837248.0,-33.45,-70.666667,0,-14400,-14400,0,79380,18,0
calcutta,4631819.0,22.569722,88.369722,0,19800,19800,0,46080,18,0
toronto,4612187.0,43.666667,-79.416667,3600,-18000,-14400,0,2460,20,0
rangoon,4477782.0,16.7833333,96.1666667,0,23400,23400,0,43680,18,0
sydney,4394585.0,-33.861481,151.205475,0,36000,36000,0,26100,17,0
madras,4328416.0,13.083333,80.283333,0,19800,19800,0,47160,18,0
wuhan,4184206.0,30.580125,114.273405,0,28800,28800,0,40620,19,0
saint petersburg,4039751.0,59.894444,30.264167,0,14400,14400,0,66660,22,0
chongqing,3967028.0,29.562778,106.552778,0,28800,28800,0,42360,19,0
xian,3953191.0,34.258333,108.928611,0,28800,28800,0,42360,19,0
chengdu,3950437.0,30.666667,104.066667,0,28800,28800,0,43080,19,0
los angeles,3877129.0,34.0522222,-118.2427778,3600,-28800,-25200,0,10440,19,0
alexandria,3811512.0,31.1980556,29.9191667,0,7200,7200,0,60960,18,0
tianjin,3766207.0,39.142222,117.176667,0,28800,28800,0,40980,19,0
melbourne,3730212.0,-37.813938,144.963425,0,36000,36000,0,27120,17,0
ahmadabad,3719933.0,23.033333,72.616667,0,19800,19800,0,49860,19,0
abidjan,3692570.0,5.309657,-4.012656,0,0,0,0,66720,18,0
kano,3626204.0,11.994354,8.513807,0,3600,3600,0,64260,18,0
casablanca,3609698.0,33.592779,-7.619157,0,0,0,0,73860,20,0
hyderabad,3598199.0,17.375278,78.474444,0,19800,19800,0,47940,18,0
ibadan,3565810.0,7.387778,3.896389,0,3600,3600,0,65040,19,0
singapore,3547809.0,1.2930556,103.8558333,0,28800,28800,0,40560,19,0
ankara,3519177.0,39.911652,32.840305,3600,7200,10800,0,61380,20,0
shenyang,3512192.0,41.792222,123.432778,0,28800,28800,0,39840,19,0
riyadh,3469290.0,24.653664,46.71522,0,10800,10800,0,56280,18,0
ho chi minh city,3467426.0,10.75,106.666667,0,25200,25200,0,40620,18,0
cape town,3433504.0,-33.925839,18.423218,0,7200,7200,0,57960,18,0
berlin,3398362.0,52.516667,13.4,3600,3600,7200,0,68400,21,0
montreal,3268513.0,45.5,-73.583333,3600,-18000,-14400,0,1380,20,0
harbin,3229883.0,45.75,126.65,0,28800,28800,0,39720,19,0
guangzhou,3152825.0,23.116667,113.25,0,28800,28800,0,40140,19,0
durban,3120340.0,-29.857896,31.029198,0,7200,7200,0,55320,17,0
madrid,3102644.0,40.408566,-3.69222,3600,3600,7200,0,70200,21,0
nanjing,3087010.0,32.061667,118.777778,0,28800,28800,0,39720,19,0
kabul,3043589.0,34.516667,69.183333,0,16200,16200,0,51960,18,0
pune,2935968.0,18.533333,73.866667,0,19800,19800,0,49140,19,0
surat,2894675.0,20.966667,72.9,0,19800,19800,0,49620,19,0
chicago,2841952.0,41.85,-87.65,3600,-21600,-18000,0,4140,20,0
kanpur,2823523.0,26.466667,80.35,0,19800,19800,0,48360,18,0
umm durman,2810328.0,15.6361111,32.4372222,0,10800,10800,0,58860,19,0
luanda,2776125.0,-8.836804,13.233174,0,3600,3600,0,61500,18,0
addis abeba,2757807.0,9.024325,38.749226,0,10800,10800,0,56760,18,0
nairobi,2750561.0,-1.2833333,36.8166667,0,10800,10800,0,56400,18,0
taiyuan,2722475.0,37.726944,112.470833,0,28800,28800,0,41940,19,0
jaipur,2711937.0,26.916667,75.816667,0,19800,19800,0,49500,19,0
salvador,2711903.0,-12.983333,-38.516667,0,-10800,-10800,0,73560,17,0
dakar,2702820.0,14.6708333,-17.4380556,0,0,0,0,70740,19,0
dar es salaam,2698651.0,-6.8,39.2833333,0,10800,10800,0,55380,18,0
rome,2643736.0,41.9,12.483333,3600,3600,7200,0,66540,20,0
mogadishu,2590180.0,2.0666667,45.3666667,0,10800,10800,0,54660,18,0
jiddah,2545728.0,21.516944,39.219167,0,10800,10800,0,57780,19,0
changchun,2537421.0,43.88,125.322778,0,28800,28800,0,39720,19,0
taipei,2514794.0,25.0391667,121.525,0,28800,28800,0,38340,18,0
kiev,2514227.0,50.433333,30.516667,3600,7200,10800,0,63780,20,0
faisalabad,2507302.0,31.416667,73.083333,0,18000,18000,0,50640,19,0
izmir,2501895.0,38.412726,27.138376,3600,7200,10800,0,62520,20,0
lakhnau,2472250.0,26.85,80.916667,0,19800,19800,0,48300,18,0
gizeh,2443490.0,30.0086111,31.2122222,0,7200,7200,0,60540,18,0
fortaleza,2416920.0,-3.316667,-41.416667,0,-10800,-10800,0,75060,17,0
cali,2392897.0,3.437222,-76.5225,0,-18000,-18000,0,84000,18,0
surabaya,2374920.0,-7.249167,112.750833,0,25200,25200,0,37740,17,0
belo horizonte,2373255.0,-19.916667,-43.933333,0,-10800,-10800,0,74280,17,0
mashhad,2307254.0,36.297,59.6062,3600,12600,16200,0,54480,19,0
nagpur,2228191.0,21.15,79.1,0,19800,19800,0,48180,18,0
harare,2213701.0,-17.8177778,31.0447222,0,7200,7200,0,56460,17,0
brasilia,2207812.0,-15.783333,-47.916667,0,-10800,-10800,0,75600,18,0
santo domingo,2202016.0,18.4666667,-69.9,0,-14400,-14400,0,83640,19,0
nagoya,2191291.0,35.180198,136.906739,0,32400,32400,0,35760,18,0
aleppo,2139878.0,36.2027778,37.1586111,3600,7200,10800,0,59820,19,0
paris,2110694.0,48.866667,2.333333,3600,3600,7200,0,70200,21,0
jinan,2069266.0,36.668333,116.997222,0,28800,28800,0,40680,19,0
tangshan,2054526.0,37.3325,114.701389,0,28800,28800,0,41340,19,0
dalian,2035307.0,38.912222,121.602222,0,28800,28800,0,39900,19,0
houston,2027712.0,29.7630556,-95.3630556,3600,-21600,-18000,0,4440,20,0
johannesburg,2026466.0,-26.205171,28.049815,0,7200,7200,0,56460,17,0
medellin,2000001.0,6.25184,-75.563591,0,-18000,-18000,0,84000,18,0
algiers,1980242.0,36.7630556,3.0505556,0,3600,3600,0,68100,19,0
tashkent,1978078.0,41.3166667,69.25,0,18000,18000,0,52860,19,0
khartoum,1974780.0,15.5880556,32.5341667,0,10800,10800,0,58800,19,0
accra,1963460.0,5.55,-0.2166667,0,0,0,0,65880,18,0
guayaquil,1952029.0,-2.1666667,-79.9,0,-18000,-18000,0,84360,18,0
maracaibo,1948269.0,10.6316667,-71.6405556,0,-16200,-16200,0,83400,18,0
rabat,1894386.0,34.013784,-6.844268,0,0,0,0,73740,20,0
jilin,1881977.0,43.850833,126.560278,0,28800,28800,0,39420,18,0
hangzhou,1878129.0,30.29365,120.161419,0,28800,28800,0,39180,18,0
bucharest,1877155.0,44.433333,26.1,3600,7200,10800,0,63720,20,0
nanchang,1871351.0,28.55,115.933333,0,28800,28800,0,40020,19,0
conakry,1871185.0,9.5091667,-13.7122222,0,0,0,0,69420,19,0
brisbane,1843459.0,-27.47101,153.024292,0,36000,36000,0,26340,17,0
vancouver,1837970.0,49.25,-123.133333,3600,-28800,-25200,0,13980,20,0
indore,1837230.0,22.716667,75.833333,0,19800,19800,0,49080,19,0
caracas,1815681.0,10.5,-66.9166667,0,-16200,-16200,0,82260,18,0
ecatepec,1806297.0,19.601111,-99.0525,3600,-21600,-18000,0,4380,20,0
medan,1751190.0,3.583333,98.666667,0,25200,25200,0,41940,18,0
rawalpindi,1743599.0,33.6007,73.0679,0,18000,18000,0,50880,19,0
minsk,1742123.0,53.9,27.5666667,0,10800,10800,0,65340,21,0
hamburg,1733846.0,53.55,10.0,3600,3600,7200,0,69480,21,0
curitiba,1718433.0,-25.416667,-49.25,0,-10800,-10800,0,75060,17,0
budapest,1708088.0,47.5,19.083333,3600,3600,7200,0,65940,20,0
bandung,1699822.0,-6.903889,107.618611,0,25200,25200,0,39000,17,0
soweto,1695094.0,-26.267812,27.858492,0,7200,7200,0,56460,17,0
warsaw,1651676.0,52.25,21.0,3600,3600,7200,0,66480,20,0
qingdao,1642245.0,36.098611,120.371944,0,28800,28800,0,39840,19,0
guadalajara,1640649.0,20.666667,-103.333333,3600,-21600,-18000,0,1860,19,0
pretoria,1619485.0,-25.706944,28.229444,0,7200,7200,0,56460,17,0
patna,1600085.0,25.6,85.116667,0,19800,19800,0,47160,18,0
bhopal,1600080.0,23.266667,77.4,0,19800,19800,0,48780,19,0
manaus,1598227.0,-3.113333,-60.025278,0,-14400,-14400,0,79500,18,0
xinyang,1590668.0,32.095833,114.120278,0,28800,28800,0,40860,19,0
kaduna,1582211.0,10.522239,7.43828,0,3600,3600,0,64440,18,0
damascus,1576843.0,33.5,36.3,3600,7200,10800,0,59700,19,0
phnum penh,1573523.0,11.55,104.9166667,0,25200,25200,0,41100,18,0
barcelona,1570378.0,41.398371,2.1741,3600,3600,7200,0,68940,21,0
vienna,1569315.0,48.2,16.366667,3600,3600,7200,0,66720,20,0
esfahan,1547241.0,32.657218,51.677608,3600,12600,16200,0,55920,20,0
ludhiana,1545476.0,30.9,75.85,0,19800,19800,0,49920,19,0
kobe,1528487.0,34.691304,135.182995,0,32400,32400,0,36060,19,0
bekasi,1520204.0,-6.2349,106.9896,0,25200,25200,0,39180,17,0
kaohsiung,1512832.0,22.6177778,120.3013889,0,28800,28800,0,38400,18,0
kaohsiung,1512832.0,22.6333333,120.35,0,28800,28800,0,38340,18,0
urumqi,1508225.0,43.800965,87.600459,0,28800,28800,0,48780,21,0
thana,1486453.0,19.2,72.966667,0,19800,19800,0,49440,19,0
recife,1478118.0,-8.05,-34.9,0,-10800,-10800,0,73080,17,0
kumasi,1468797.0,6.6833333,-1.6166667,0,0,0,0,66300,18,0
kuala lumpur,1453978.0,3.166667,101.7,0,28800,28800,0,41220,19,0
philadelphia,1453268.0,39.9522222,-75.1641667,3600,-18000,-14400,0,900,20,0
karaj,1448996.0,35.8355,51.0103,3600,12600,16200,0,56460,20,0
perth,1446715.0,-31.95224,115.861397,0,28800,28800,0,34800,17,0
cordoba,1441007.0,-31.413496,-64.181052,0,-10800,-10800,0,78060,18,0
multan,1437644.0,30.195556,71.475278,0,18000,18000,0,50880,19,0
hanoi,1431377.0,21.033333,105.85,0,25200,25200,0,41700,18,0
ha noi,1431377.0,21.033333,105.85,0,25200,25200,0,41700,18,0
agra,1430194.0,27.183333,78.016667,0,19800,19800,0,49020,19,0
phoenix,1428509.0,33.4483333,-112.0733333,0,-25200,-25200,0,8880,19,0
tabriz,1424701.0,38.08,46.2919,3600,12600,16200,0,57900,20,0
novosibirsk,1419016.0,55.0415,82.9346,0,25200,25200,0,52380,21,0
lanzhou,1417742.0,36.056389,103.792222,0,28800,28800,0,43800,20,0
bursa,1413485.0,40.191667,29.061111,3600,7200,10800,0,62340,20,0
vadodara,1409565.0,22.3,73.2,0,19800,19800,0,49680,19,0
belem,1407737.0,-1.45,-48.483333,0,-14400,-14400,0,80460,18,0
juarez,1403025.0,31.733333,-106.483333,3600,-25200,-21600,0,7380,20,0
fushun,1400646.0,41.7,123.883333,0,28800,28800,0,39720,19,0
quito,1399814.0,-0.2166667,-78.5,0,-18000,-18000,0,84180,18,0
puebla,1392137.0,19.05,-98.2,3600,-21600,-18000,0,4080,20,0
antananarivo,1391506.0,-18.9166667,47.5166667,0,10800,10800,0,52440,17,0
luoyang,1390581.0,34.683611,112.453611,0,28800,28800,0,41520,19,0
hefei,1388904.0,31.863889,117.280833,0,28800,28800,0,40020,19,0
hyderabad,1386840.0,25.39242,68.373656,0,18000,18000,0,51120,19,0
valencia,1385202.0,10.1805556,-68.0038889,0,-16200,-16200,0,82500,18,0
gujranwala,1384869.0,32.161667,74.188309,0,18000,18000,0,50460,19,0
barranquilla,1380437.0,10.963889,-74.796389,0,-18000,-18000,0,84180,18,0
tijuana,1376494.0,32.533333,-117.016667,3600,-28800,-25200,0,9960,19,0
lubumbashi,1374808.0,-11.666667,27.466667,0,7200,7200,0,54240,17,0
porto alegre,1372763.0,-30.033333,-51.2,0,-10800,-10800,0,75060,17,0
tangerang,1372185.0,-6.178056,106.63,0,25200,25200,0,39300,17,0
handan,1358318.0,36.566667,114.533333,0,28800,28800,0,41280,19,0
kampala,1353236.0,0.3155556,32.5655556,0,10800,10800,0,57600,19,0
suzhou,1343091.0,31.311389,120.618056,0,28800,28800,0,39180,18,0
khulna,1342429.0,22.8,89.55,0,21600,21600,0,45780,18,0
douala,1338144.0,4.0502778,9.7,0,3600,3600,0,63360,18,0
makasar,1321832.0,-5.14,119.4221,0,28800,28800,0,36300,18,0
kawasaki,1306804.0,35.520556,139.717222,0,32400,32400,0,35100,18,0
montevideo,1305865.0,-34.8580556,-56.1708333,0,-10800,-10800,0,75720,18,0
yaounde,1299446.0,3.8666667,11.5166667,0,3600,3600,0,62880,18,0
bamako,1297390.0,12.65,-8.0,0,0,0,0,68280,18,0
semarang,1288221.0,-6.9932,110.4203,0,25200,25200,0,38340,17,0
yekaterinburg,1287586.0,56.8519,60.6122,0,21600,21600,0,58320,22,0
san diego,1287050.0,32.7152778,-117.1563889,3600,-28800,-25200,0,10020,19,0
pimpri,1284702.0,18.616667,73.8,0,19800,19800,0,49200,19,0
nizhniy novgorod,1284176.0,56.326944,44.0075,0,14400,14400,0,62100,21,0
faridabad,1280909.0,28.433333,77.316667,0,19800,19800,0,49320,19,0
lusaka,1267458.0,-15.4166667,28.2833333,0,7200,7200,0,57360,17,0
kalyan,1262355.0,19.25,73.15,0,19800,19800,0,49380,19,0
san antonio,1256810.0,29.4238889,-98.4933333,3600,-21600,-18000,0,5160,20,0
stockholm,1253309.0,59.333333,18.05,3600,3600,7200,0,69360,21,0
bayrut,1252010.0,33.8719444,35.5097222,3600,7200,10800,0,59940,19,0
beirut,1252010.0,33.8719444,35.5097222,3600,7200,10800,0,59940,19,0
shiraz,1249972.0,29.6036,52.5388,3600,12600,16200,0,55380,19,0
adana,1249680.0,37.001667,35.328889,3600,7200,10800,0,60360,19,0
munich,1246133.0,48.15,11.5833,3600,3600,7200,0,67860,20,0
palembang,1241334.0,-2.916667,104.75,0,25200,25200,0,40020,18,0
port-au-prince,1234750.0,18.5391667,-72.335,3600,-18000,-14400,0,80640,18,0
nezahualcoyotl,1232565.0,19.413611,-99.033056,3600,-21600,-18000,0,4320,20,0
peshawar,1219248.0,34.008,71.578488,0,18000,18000,0,51300,19,0
rosario,1218497.0,-32.946818,-60.639317,0,-10800,-10800,0,77040,18,0
davao,1212285.0,7.073056,125.612778,0,28800,28800,0,35760,17,0
dallas,1211704.0,32.7833333,-96.8,3600,-21600,-18000,0,5160,20,0
mandalay,1208227.0,22.0,96.0833333,0,23400,23400,0,44160,18,0
almaty,1204820.0,43.25,76.95,0,21600,21600,0,51300,20,0
mecca,1199659.0,21.426667,39.826111,0,10800,10800,0,57600,19,0
ghaziabad,1199306.0,28.666667,77.433333,0,19800,19800,0,49320,19,0
anshan,1199275.0,41.123611,122.99,0,28800,28800,0,39900,19,0
xuzhou,1199193.0,34.180454,117.15707,0,28800,28800,0,40320,19,0
depok,1198195.0,-6.343333,106.498889,0,25200,25200,0,39300,17,0
maputo,1191613.0,-25.9652778,32.5891667,0,7200,7200,0,55380,17,0
freetown,1190761.0,8.49,-13.2341667,0,0,0,0,69240,19,0
fuzhou,1179720.0,26.061389,119.306111,0,28800,28800,0,38940,18,0
rajkot,1177434.0,22.3,70.783333,0,19800,19800,0,50280,19,0
guiyang,1171633.0,26.583333,106.716667,0,28800,28800,0,42000,19,0
goiania,1171209.0,-16.666667,-49.266667,0,-10800,-10800,0,75840,18,0
guarulhos,1169601.0,-23.45068,-46.526175,0,-10800,-10800,0,74580,17,0
varanasi,1164520.0,25.333333,83.0,0,19800,19800,0,47640,18,0
fez,1160239.0,34.037151,-4.999797,0,0,0,0,73260,20,0
milan,1156903.0,45.466667,9.2,3600,3600,7200,0,67920,20,0
prague,1154508.0,50.083333,14.466667,3600,3600,7200,0,67560,20,0
tripoli,1150990.0,32.8925,13.18,0,7200,7200,0,65160,20,0
port harcourt,1148753.0,4.777423,7.013404,0,3600,3600,0,64080,18,0
hiroshima,1143850.0,34.434844,132.740622,0,32400,32400,0,36660,19,0
managua,1140499.0,12.1508333,-86.2683333,0,-21600,-21600,0,660,18,0
dubai,1137376.0,25.258172,55.304717,0,14400,14400,0,54240,19,0
samara,1134742.0,53.1835,50.1182,0,14400,14400,0,59760,20,0
omsk,1129289.0,55.0,73.4,0,25200,25200,0,54660,22,0
benin,1125126.0,6.335045,5.627492,0,3600,3600,0,64500,18,0
monterrey,1122912.0,25.666667,-100.316667,3600,-21600,-18000,0,5220,20,0
baku,1116513.0,40.395278,49.882222,3600,14400,18000,0,57360,20,0
brazzaville,1115773.0,-4.2591667,15.2847222,0,3600,3600,0,61380,18,0
belgrade,1115200.0,44.818611,20.468056,3600,3600,7200,0,65100,20,0
leon,1114662.0,21.116667,-101.666667,3600,-21600,-18000,0,5100,20,0
maiduguri,1112511.0,11.846441,13.160274,0,3600,3600,0,63180,18,0
wuxi,1108647.0,31.568873,120.288573,0,28800,28800,0,39300,18,0
kazan,1104750.0,55.78874,49.122144,0,14400,14400,0,60720,20,0
yerevan,1093499.0,40.1811111,44.5136111,0,14400,14400,0,58620,20,0
amritsar,1092528.0,31.633056,74.865556,0,19800,19800,0,50220,19,0
copenhagen,1089958.0,55.666667,12.583333,3600,3600,7200,0,69420,21,0
taichung,1083582.0,24.1433333,120.6813889,0,28800,28800,0,38400,18,0
saitama,1077730.0,35.895534,139.67747,0,32400,32400,0,35160,18,0
rostov-na-donu,1074495.0,47.23135,39.723284,0,14400,14400,0,60960,20,0
adelaide,1074168.0,-34.928661,138.598633,0,34200,34200,0,28980,17,0
allahabad,1073544.0,25.45,81.85,0,19800,19800,0,47880,18,0
gaziantep,1066561.0,37.059444,37.3825,3600,7200,10800,0,59880,19,0
visakhapatnam,1063293.0,17.7,83.3,0,19800,19800,0,46800,18,0
chelyabinsk,1062931.0,55.154444,61.429722,0,21600,21600,0,57600,22,0
sofia,1062065.0,42.6833333,23.3166667,3600,7200,10800,0,64080,20,0
datong,1052678.0,40.093611,113.291389,0,28800,28800,0,42060,19,0
tbilisi,1049516.0,41.725,44.7908333,0,14400,14400,0,58800,20,0
xianyang,1034081.0,34.33778,108.70261,0,28800,28800,0,42420,19,0
ufa,1033350.0,54.785167,56.045621,0,21600,21600,0,58740,22,0
campinas,1031573.0,-22.9,-47.083333,0,-10800,-10800,0,74760,17,0
ouagadougou,1031330.0,12.3702778,-1.5247222,0,0,0,0,66720,18,0
jabalpur,1030276.0,23.166667,79.95,0,19800,19800,0,48120,18,0
haora,1027771.0,22.589167,88.310278,0,19800,19800,0,46080,18,0
huainan,1027655.0,32.626389,116.996944,0,28800,28800,0,40200,19,0
dublin,1024027.0,53.3330556,-6.2488889,3600,0,3600,0,73320,21,0
kunming,1023674.0,25.038889,102.718333,0,28800,28800,0,42840,19,0
brussels,1019022.0,50.833333,4.333333,3600,3600,7200,0,70140,21,0
aurangabad,1016520.0,19.883333,75.333333,0,19800,19800,0,48960,19,0
qom,1011103.0,34.6401,50.8764,3600,12600,16200,0,56340,20,0
volgograd,1010331.0,48.71939,44.501835,0,14400,14400,0,60060,20,0
shenzhen,1002592.0,22.533333,114.133333,0,28800,28800,0,39840,19,0
nova iguacu,1002129.0,-22.759188,-43.431887,0,-10800,-10800,0,73920,17,0
rongcheng,1001985.0,23.528858,116.364159,0,28800,28800,0,39420,18,0
odesa,1001553.0,46.463934,30.738551,3600,7200,10800,0,62940,20,0
kitakyushu,997545.0,33.833333,130.833333,0,32400,32400,0,37020,19,0
sholapur,997358.0,17.683333,75.916667,0,19800,19800,0,48600,19,0
baoding,995652.0,38.851111,115.490278,0,28800,28800,0,41340,19,0
benxi,987717.0,41.288611,123.765,0,28800,28800,0,39720,19,0
zapopan,987555.0,20.716667,-103.4,3600,-21600,-18000,0,1920,19,0
birmingham,984336.0,52.466667,-1.916667,3600,0,3600,0,72060,21,0
perm,982428.0,58.009282,56.284063,0,21600,21600,0,59700,22,0
naples,981284.0,40.833333,14.25,3600,3600,7200,0,66000,20,0
srinagar,975926.0,34.092222,74.802222,0,19800,19800,0,50520,19,0
zaria,975228.0,11.113236,7.725176,0,3600,3600,0,64380,18,0
guatemala city,973208.0,14.621111,-90.526944,0,-21600,-21600,0,1860,18,0
guatemala,973208.0,14.621111,-90.526944,0,-21600,-21600,0,1860,18,0
mendoza,973047.0,-32.890845,-68.827171,0,-10800,-10800,0,79020,18,0
cologne,968823.0,50.933333,6.95,3600,3600,7200,0,69540,21,0
calgary,968475.0,51.083333,-114.083333,3600,-25200,-21600,0,12240,21,0
port elizabeth,967722.0,-33.917988,25.570066,0,7200,7200,0,56220,17,0
maceio,955010.0,-9.666667,-35.716667,0,-10800,-10800,0,73200,17,0
cartagena,952036.0,10.399722,-75.514444,0,-18000,-18000,0,84300,18,0
changzhou,949018.0,31.783333,119.966667,0,28800,28800,0,39420,18,0
ranchi,945079.0,23.35,85.333333,0,19800,19800,0,46860,18,0
marrakesh,942631.0,31.631485,-8.008281,0,0,0,0,73740,20,0
sao goncalo,939101.0,-22.800278,-43.025556,0,-10800,-10800,0,73800,17,0
monrovia,935427.0,6.3105556,-10.8047222,0,0,0,0,68460,19,0
irbil,932854.0,36.19,44.0088889,0,10800,10800,0,58200,19,0
jodhpur,921540.0,26.286667,73.03,0,19800,19800,0,50100,19,0
sao luis,917252.0,-2.516667,-44.266667,0,-10800,-10800,0,75780,18,0
chandigarh,914374.0,30.7343,76.7933,0,19800,19800,0,49680,19,0
madurai,909988.0,9.933333,78.116667,0,19800,19800,0,47400,18,0
krasnoyarsk,907460.0,56.0091,92.8628,0,28800,28800,0,50160,21,0
huaibei,903039.0,33.974444,116.791667,0,28800,28800,0,40380,19,0
cochabamba,900440.0,-17.3833333,-66.15,0,-14400,-14400,0,79860,18,0
guwahati,899132.0,26.183333,91.733333,0,19800,19800,0,45600,18,0
aba,897613.0,5.106576,7.366667,0,3600,3600,0,64020,18,0
san jose,897460.0,37.3394444,-121.8938889,3600,-28800,-25200,0,11760,20,0
bulawayo,897249.0,-20.15,28.5833333,0,7200,7200,0,56880,17,0
pingdingshan,889675.0,33.738472,113.301194,0,28800,28800,0,41220,19,0
detroit,884941.0,42.3313889,-83.0458333,3600,-18000,-14400,0,3120,20,0
gwalior,882551.0,26.223611,78.179167,0,19800,19800,0,48840,19,0
qiqihar,882364.0,47.340833,123.967222,0,28800,28800,0,40680,19,0
klang,879887.0,3.033333,101.45,0,28800,28800,0,41220,19,0
konya,876004.0,37.871354,32.484636,3600,7200,10800,0,61200,20,0
mbuji-mayi,874974.0,-6.15,23.6,0,7200,7200,0,55620,17,0
vijayawada,874684.0,16.516667,80.616667,0,19800,19800,0,47340,18,0
ottawa,874433.0,45.416667,-75.7,3600,-18000,-14400,0,1860,20,0
maisuru,868385.0,12.307222,76.649722,0,19800,19800,0,47940,18,0
wenzhou,865672.0,27.999416,120.66682,0,28800,28800,0,38820,18,0
saratov,863734.0,51.540556,46.008611,0,14400,14400,0,60360,20,0
ogbomosho,861303.0,8.133333,4.266667,0,3600,3600,0,64980,19,0
ahvaz,854980.0,31.3203,48.6693,3600,12600,16200,0,56520,20,0
tegucigalpa,850961.0,14.1,-87.2166667,0,-21600,-21600,0,1020,18,0
turin,846489.0,45.05,7.666667,3600,3600,7200,0,68220,20,0
naucalpan,846222.0,19.479444,-99.238333,3600,-21600,-18000,0,4380,20,0
ulaanbaatar,844786.0,47.9166667,106.9166667,0,28800,28800,0,44880,20,0
arequipa,844000.0,-16.3988889,-71.535,0,-18000,-18000,0,81240,17,0
voronezh,840590.0,51.672035,39.184301,0,14400,14400,0,61980,21,0
padang,840458.0,-0.953154,100.367659,0,25200,25200,0,41220,18,0
hubli,840285.0,15.35,75.166667,0,19800,19800,0,48600,19,0
lvov,830000.0,49.840661,24.030451,3600,7200,10800,0,65220,21,0
tucuman,828402.0,-26.824144,-65.2226,0,-10800,-10800,0,78780,18,0
tangier,825316.0,35.780576,-5.813646,0,0,0,0,73680,20,0
edmonton,822319.0,53.55,-113.5,3600,-25200,-21600,0,12660,21,0
duque de caxias,818339.0,-22.790321,-43.325009,0,-10800,-10800,0,73860,17,0
jos,816876.0,9.916667,8.9,0,3600,3600,0,64020,18,0
ilorin,814246.0,8.5,4.55,0,3600,3600,0,64920,19,0
la paz,812819.0,-16.5,-68.15,0,-14400,-14400,0,80400,18,0
barquisimeto,809564.0,10.0738889,-69.3227778,0,-16200,-16200,0,82800,18,0
oslo,808690.0,59.916667,10.75,3600,3600,7200,0,71340,21,0
nanning,803788.0,22.816667,108.316667,0,28800,28800,0,41280,19,0
johor bahru,802525.0,1.4655,103.7578,0,28800,28800,0,40560,19,0
mombasa,799727.0,-4.05,39.6666667,0,10800,10800,0,55500,18,0
asgabat,797900.0,37.95,58.3833333,0,18000,18000,0,54960,20,0
jacksonville,797557.0,30.3319444,-81.6558333,3600,-18000,-14400,0,1260,20,0
zaporizhzhya,796213.0,47.822892,35.190314,3600,7200,10800,0,62160,20,0
marseille,792823.0,43.285413,5.37606,3600,3600,7200,0,68460,21,0
kathmandu,790612.0,27.7166667,85.3166667,0,20700,20700,0,47280,18,0
jalandhar,785234.0,31.325556,75.579167,0,19800,19800,0,50040,19,0
thiruvananthapuram,784223.0,8.506944,76.956944,0,19800,19800,0,47580,18,0
sakai,782347.0,34.583333,135.466667,0,32400,32400,0,36000,19,0
anyang,781129.0,36.099444,114.328889,0,28800,28800,0,41280,19,0
selam,778462.0,11.65,78.166667,0,19800,19800,0,47520,18,0
tiruchchirappalli,775551.0,10.805,78.685556,0,19800,19800,0,47340,18,0
hohhot,774477.0,40.810556,111.652222,0,28800,28800,0,42540,19,0
niamey,774245.0,13.6666667,1.7833333,0,3600,3600,0,66060,19,0
niamey,774245.0,13.5166667,2.1166667,0,3600,3600,0,65940,19,0
indianapolis,773283.0,39.7683333,-86.1580556,3600,-18000,-14400,0,3480,20,0
valencia,769897.0,39.466667,-0.366667,3600,3600,7200,0,69300,21,0
bogor,769328.0,-6.594444,106.789167,0,25200,25200,0,39240,17,0
xining,767531.0,36.616667,101.766667,0,28800,28800,0,44340,20,0
kermanshah,766742.0,34.314167,47.065,3600,12600,16200,0,57240,20,0
liuzhou,763168.0,24.312582,109.389157,0,28800,28800,0,41160,19,0
kota,763141.0,25.183333,75.833333,0,19800,19800,0,49320,19,0
natal,763057.0,-5.783333,-35.216667,0,-10800,-10800,0,73380,17,0
bhubaneswar,762307.0,20.233333,85.833333,0,19800,19800,0,46440,18,0
qinhuangdao,759718.0,39.931667,119.588333,0,28800,28800,0,40500,19,0
hengyang,759602.0,26.888056,112.615,0,28800,28800,0,40620,19,0
antalya,758603.0,36.908118,30.695565,3600,7200,10800,0,61500,20,0
cebu,758597.0,10.311111,123.891667,0,28800,28800,0,36420,18,0
islamabad,756105.0,33.69,73.0551,0,18000,18000,0,50940,19,0
cracow,755050.0,50.083333,19.916667,3600,3600,7200,0,66240,20,0
aligarh,753280.0,27.883333,78.083333,0,19800,19800,0,49080,19,0
pietermaritzburg,750864.0,-29.616785,30.39278,0,7200,7200,0,55500,17,0
taian,750340.0,36.185278,117.12,0,28800,28800,0,40620,19,0
trujillo,750004.0,-8.1166667,-79.0333333,0,-18000,-18000,0,83700,18,0
malang,746780.0,-7.9797,112.6304,0,25200,25200,0,37680,17,0
ciudad guayana,746606.0,8.3533333,-62.6527778,0,-16200,-16200,0,81060,18,0
amsterdam,745811.0,52.35,4.916667,3600,3600,7200,0,70380,21,0
kigali,745526.0,-1.9536111,30.0605556,0,7200,7200,0,58020,18,0
bareli,745509.0,28.35,79.416667,0,19800,19800,0,48780,19,0
teresina,744526.0,-5.083333,-42.816667,0,-10800,-10800,0,75240,17,0
xinxiang,743601.0,35.308889,113.867222,0,28800,28800,0,41280,19,0
sao bernardo do campo,743386.0,-23.7,-46.55,0,-10800,-10800,0,74580,17,0
hegang,743307.0,47.4,130.366667,0,28800,28800,0,39180,18,0
riga,742570.0,56.95,24.1,3600,7200,10800,0,67080,21,0
columbus,736836.0,39.9611111,-82.9988889,3600,-18000,-14400,0,2760,20,0
oyo,736113.0,7.85,3.933333,0,3600,3600,0,65040,19,0
tainan,734314.0,22.9933333,120.2036111,0,28800,28800,0,38460,18,0
quetta,733970.0,30.199004,67.009708,0,18000,18000,0,51960,19,0
san francisco,732072.0,37.775,-122.4183333,3600,-28800,-25200,0,11940,20,0
campo grande,729164.0,-20.45,-54.616667,0,-14400,-14400,0,76800,17,0
athens,729139.0,37.9833333,23.7333333,3600,7200,10800,0,63300,20,0
guadalupe,724949.0,25.683333,-100.25,3600,-21600,-18000,0,5220,20,0
cucuta,721406.0,7.893907,-72.507821,0,-18000,-18000,0,83400,18,0
moradabad,721210.0,28.833333,78.783333,0,19800,19800,0,49020,19,0
langfang,720119.0,39.509722,116.694722,0,28800,28800,0,41160,19,0
ningbo,719867.0,29.878186,121.549453,0,28800,28800,0,38820,18,0
yantai,719332.0,37.533333,121.4,0,28800,28800,0,39780,19,0
tolyatti,718495.0,53.5303,49.3461,0,14400,14400,0,60060,20,0
merida,717196.0,20.966667,-89.616667,3600,-21600,-18000,0,2220,19,0
tlalnepantla,715798.0,19.526944,-99.221667,3600,-21600,-18000,0,4380,20,0
jerusalem,714685.0,31.78,35.23,3600,7200,10800,0,59760,19,0
chisinau,713805.0,47.005556,28.8575,3600,7200,10800,0,63480,20,0
nouakchott,709835.0,18.0863889,-15.9752778,0,0,0,0,70680,19,0
zhuzhou,709358.0,27.691868,113.152137,0,28800,28800,0,40560,19,0
chihuahua,708292.0,28.633333,-106.083333,3600,-25200,-21600,0,6900,19,0
bhiwandi,707090.0,19.3,73.066667,0,19800,19800,0,49440,19,0
jaboatao,702632.0,-8.116667,-35.016667,0,-10800,-10800,0,73140,17,0
rajshahi,700206.0,24.3666667,88.6,0,21600,21600,0,46200,18,0
zagreb,698967.0,45.8,16.0,3600,3600,7200,0,66360,20,0
sarajevo,696726.0,43.85,18.3833333,3600,3600,7200,0,65460,20,0
tunis,692816.0,36.806112,10.171078,0,3600,3600,0,66360,19,0
zhangjiakou,692602.0,40.81,114.879444,0,28800,28800,0,41760,19,0
cotonou,690584.0,6.35,2.4333333,0,3600,3600,0,65280,19,0
zigong,689961.0,29.341622,104.776887,0,28800,28800,0,42780,19,0
fuxin,689050.0,42.015556,121.658889,0,28800,28800,0,40320,19,0
liaoyang,687890.0,41.226111,123.056111,0,28800,28800,0,39900,19,0
sevilla,686647.0,37.382408,-5.976133,3600,3600,7200,0,70320,21,0
la plata,684318.0,-34.921454,-57.954533,0,-10800,-10800,0,76140,18,0
bangui,684190.0,4.3666667,18.5833333,0,3600,3600,0,61260,18,0
raipur,680066.0,21.233333,81.633333,0,19800,19800,0,47580,18,0
austin,678368.0,30.2669444,-97.7427778,3600,-21600,-18000,0,5100,20,0
osasco,677869.0,-23.566667,-46.783333,0,-10800,-10800,0,74640,17,0
san luis potosi,677726.0,22.15,-100.983333,3600,-21600,-18000,0,5040,20,0
gorakhpur,674312.0,26.755,83.373889,0,19800,19800,0,47700,18,0
ipoh,673346.0,4.5841,101.0829,0,28800,28800,0,41460,19,0
zhangdian,669770.0,36.790556,118.063333,0,28800,28800,0,40440,19,0
palermo,669582.0,38.116667,13.366667,3600,3600,7200,0,65820,20,0
puyang,666322.0,35.702778,115.005278,0,28800,28800,0,41040,19,0
nantong,666251.0,32.030278,120.874722,0,28800,28800,0,39180,18,0
mudanjiang,665915.0,44.583333,129.6,0,28800,28800,0,38820,18,0
santo andre,662387.0,-23.666667,-46.516667,0,-10800,-10800,0,74580,17,0
aguascalientes,658193.0,21.883333,-102.3,3600,-21600,-18000,0,1740,19,0
agadir,656110.0,30.420664,-9.593161,0,0,0,0,73980,20,0
hamilton,653637.0,43.25,-79.833333,3600,-18000,-14400,0,2520,20,0
enugu,653436.0,6.4402,7.4943,0,3600,3600,0,64080,18,0
kryvyy rih,652376.0,47.909659,33.380438,3600,7200,10800,0,62580,20,0
acapulco,652160.0,16.85,-99.916667,3600,-21600,-18000,0,4320,20,0
joao pessoa,650896.0,-7.116667,-34.866667,0,-10800,-10800,0,73140,17,0
benghazi,650629.0,32.1166667,20.0666667,0,7200,7200,0,63420,19,0
krasnodar,649860.0,45.0488,38.9725,0,14400,14400,0,60720,20,0
shaoyang,649452.0,26.965893,111.241376,0,28800,28800,0,40980,19,0
guilin,649352.0,25.281944,110.286389,0,28800,28800,0,41040,19,0
sagamihara,648811.0,35.553056,139.354444,0,32400,32400,0,35220,18,0
colombo,648119.0,6.9319444,79.8477778,0,19800,19800,0,46740,18,0
frankfurt,648034.0,50.116667,8.683333,3600,3600,7200,0,68940,21,0
lilongwe,646738.0,-13.9833333,33.7833333,0,7200,7200,0,56160,17,0
wahran,646025.0,35.6911111,-0.6416667,0,3600,3600,0,68820,20,0
mar del plata,645771.0,-38.002278,-57.557539,0,-10800,-10800,0,75660,18,0
quebec,645623.0,46.8,-71.25,3600,-18000,-14400,0,1080,20,0
memphis,641608.0,35.1494444,-90.0488889,3600,-21600,-18000,0,3840,20,0
ulyanovsk,640685.0,54.328241,48.38657,0,14400,14400,0,60480,20,0
zhanjiang,637790.0,21.281452,110.342713,0,28800,28800,0,40620,19,0
yogyakarta,636711.0,-7.782778,110.360833,0,25200,25200,0,38280,17,0
zaragoza,635509.0,41.64531,-0.884861,3600,3600,7200,0,69720,21,0
wroclaw,634893.0,51.1,17.033333,3600,3600,7200,0,67200,20,0
zhenjiang,632552.0,32.209167,119.434167,0,28800,28800,0,39540,18,0
winnipeg,632069.0,49.883333,-97.166667,3600,-21600,-18000,0,7920,21,0
dandong,631973.0,40.129167,124.394722,0,28800,28800,0,43020,19,0
izhevsk,631044.0,56.849756,53.204479,0,14400,14400,0,67260,22,0
shaoguan,628749.0,24.8,113.583333,0,28800,28800,0,40200,19,0
yancheng,628441.0,33.385556,120.125278,0,28800,28800,0,39540,18,0
foshan,627348.0,23.026771,113.131483,0,28800,28800,0,40140,19,0
contagem,627132.0,-19.916667,-44.1,0,-10800,-10800,0,74340,17,0
bhilai,625203.0,21.216667,81.433333,0,19800,19800,0,47580,18,0
jibuti,623891.0,11.595,43.1480556,0,10800,10800,0,55920,18,0
saltillo,621270.0,25.416667,-101.0,3600,-21600,-18000,0,5340,20,0
fort worth,618119.0,32.7252778,-97.3205556,3600,-21600,-18000,0,5280,20,0
jamshedpur,616404.0,22.8,86.183333,0,19800,19800,0,46620,18,0
haikou,615835.0,20.045833,110.341667,0,28800,28800,0,40500,19,0
sao jose dos campos,613776.0,-23.183333,-45.883333,0,-10800,-10800,0,74460,17,0
mersin,612540.0,36.732778,34.644167,3600,7200,10800,0,60540,19,0
taizhou,612356.0,32.493333,119.910627,0,28800,28800,0,39480,18,0
queretaro,611803.0,20.6,-100.383333,3600,-21600,-18000,0,4740,20,0
xingtai,611739.0,37.063056,114.494167,0,28800,28800,0,41340,19,0
baltimore,610892.0,39.2902778,-76.6125,3600,-18000,-14400,0,1140,20,0
glasgow,610271.0,55.833333,-4.25,3600,0,3600,0,73500,21,0
yaroslavl,606735.0,57.61977,39.85536,0,14400,14400,0,63540,21,0
benoni,605363.0,-26.190851,28.311338,0,7200,7200,0,56340,17,0
hamamatsu,605105.0,34.7,137.733333,0,32400,32400,0,35460,18,0
kochi,604751.0,9.966667,76.233333,0,19800,19800,0,47880,18,0
jinzhou,604269.0,41.107778,121.141667,0,28800,28800,0,40320,19,0
amravati,603885.0,20.933333,77.75,0,19800,19800,0,48480,18,0
rotterdam,603851.0,51.916667,4.5,3600,3600,7200,0,70380,21,0
abu dhabi,603687.0,24.466667,54.366667,0,14400,14400,0,54420,19,0
hai phong,602718.0,20.856111,106.682222,0,25200,25200,0,41520,18,0
orumiyeh,602443.0,37.5553,45.0724,3600,12600,16200,0,58140,20,0
kirkuk,601442.0,35.4680556,44.3922222,0,10800,10800,0,58020,19,0
barnaul,599586.0,53.360556,83.763611,0,25200,25200,0,51720,21,0
charlotte,598351.0,35.2269444,-80.8433333,3600,-18000,-14400,0,1620,20,0
el paso,597181.0,31.7586111,-106.4863889,3600,-25200,-21600,0,7380,20,0
luancheng,597130.0,37.879167,114.651667,0,28800,28800,0,41400,19,0
mexicali,597124.0,32.651944,-115.468333,3600,-28800,-25200,0,9600,19,0
hermosillo,595833.0,29.066667,-110.966667,0,-25200,-25200,0,11760,20,0
rasht,594619.0,37.280769,49.58319,3600,12600,16200,0,57000,20,0
dortmund,594255.0,51.516667,7.45,3600,3600,7200,0,69600,21,0
kayseri,593164.0,38.732222,35.485278,3600,7200,10800,0,60600,19,0
abeokuta,593140.0,7.15,3.35,0,3600,3600,0,65100,19,0
morelia,592820.0,19.7,-101.116667,3600,-21600,-18000,0,4860,20,0
stuttgart,591688.0,48.766667,9.183333,3600,3600,7200,0,68580,21,0
yingkou,591159.0,40.637318,122.502508,0,28800,28800,0,39900,19,0
chimalhuacan,590165.0,19.416667,-98.9,3600,-21600,-18000,0,4320,20,0
zhangzhou,589831.0,24.513333,117.655556,0,28800,28800,0,39180,18,0
vladivostok,587029.0,43.128056,131.901111,0,39600,39600,0,38040,21,0
irkutsk,586702.0,52.297778,104.296389,0,32400,32400,0,46440,21,0
belfast,585994.0,54.583333,-5.933333,3600,0,3600,0,73560,21,0
genoa,585815.0,44.416667,8.95,3600,3600,7200,0,67800,20,0
blantyre,584870.0,-15.7833333,35.0,0,7200,7200,0,55680,17,0
kingston,583999.0,18.0,-76.8,0,-18000,-18000,0,85260,18,0
chiclayo,582597.0,-6.7736111,-79.8416667,0,-18000,-18000,0,84000,18,0
culiacan,582489.0,24.799444,-107.389722,3600,-25200,-21600,0,6840,19,0
hachioji,579402.0,35.655833,139.323889,0,32400,32400,0,35220,18,0
milwaukee,579180.0,43.0388889,-87.9063889,3600,-21600,-18000,0,4380,20,0
xiamen,578337.0,24.479794,118.081869,0,28800,28800,0,39060,18,0
khabarovsk,578307.0,48.480833,135.092778,0,39600,39600,0,38220,21,0
libreville,578156.0,0.3833333,9.45,0,3600,3600,0,63120,18,0
kerman,577547.0,30.283209,57.07879,3600,12600,16200,0,54360,19,0
dusseldorf,577139.0,51.216667,6.766667,3600,3600,7200,0,69660,21,0
kaifeng,576915.0,34.744167,114.418611,0,28800,28800,0,41100,19,0
essen,576914.0,51.45,7.016667,3600,3600,7200,0,69660,21,0
bengbu,576648.0,32.940833,117.360833,0,28800,28800,0,40140,19,0
bikaner,576056.0,28.016667,73.3,0,19800,19800,0,50220,19,0
banjarmasin,572910.0,-3.333333,114.583333,0,28800,28800,0,37620,18,0
shihezi,572772.0,44.3,86.033333,0,28800,28800,0,49260,21,0
bouake,572149.0,7.693846,-5.030307,0,0,0,0,67200,18,0
bucaramanga,571827.0,7.125393,-73.119804,0,-18000,-18000,0,83460,18,0
boston,571281.0,42.3583333,-71.0602778,3600,-18000,-14400,0,240,20,0
kuching,570579.0,1.55,110.333333,0,28800,28800,0,39000,18,0
poznan,570352.0,52.416667,16.966667,3600,3600,7200,0,67500,20,0
seattle,569369.0,47.6063889,-122.3308333,3600,-28800,-25200,0,13440,20,0
veracruz,568336.0,19.2,-96.133333,3600,-21600,-18000,0,3600,20,0
asmara,563948.0,15.3333333,38.9333333,0,10800,10800,0,57240,18,0
sokoto,563899.0,13.048025,5.214285,0,3600,3600,0,65160,19,0
uberlandia,563545.0,-18.916667,-48.3,0,-10800,-10800,0,75420,17,0
onitsha,561106.0,6.14543,6.788452,0,3600,3600,0,64200,18,0
funabashi,560754.0,35.693056,139.983333,0,32400,32400,0,35040,18,0
sorocaba,558874.0,-23.483333,-47.45,0,-10800,-10800,0,74820,17,0
helsinki,558457.0,60.175556,24.934167,3600,7200,10800,0,68040,21,0
malaga,557875.0,36.726666,-4.434802,3600,3600,7200,0,69900,21,0
warangal,557864.0,18.0,79.583333,0,19800,19800,0,47760,18,0
denver,555981.0,39.7391667,-104.9841667,3600,-25200,-21600,0,7980,20,0
santiago,555911.0,19.45,-70.7,0,-14400,-14400,0,83940,19,0
santiago de cuba,555878.0,20.0247222,-75.8219444,3600,-18000,-14400,0,85200,19,0
surakarta,555368.0,-7.556111,110.831667,0,25200,25200,0,38160,17,0
huaiyin,555230.0,33.588611,119.019167,0,28800,28800,0,39840,19,0
bhavnagar,555014.0,21.766667,72.15,0,19800,19800,0,49860,19,0
bahawalpur,552765.0,29.4,71.683333,0,18000,18000,0,50760,19,0
washington,552433.0,38.895,-77.0366667,3600,-18000,-14400,0,1200,20,0
ribeirao preto,551278.0,-21.166667,-47.8,0,-10800,-10800,0,75120,17,0
aden,550744.0,12.7794444,45.0366667,0,10800,10800,0,55560,18,0
jiamusi,549549.0,46.833333,130.35,0,28800,28800,0,39060,18,0
antipolo,549541.0,14.5886,121.1757,0,28800,28800,0,37440,18,0
salta,548288.0,-24.785896,-65.411664,0,-10800,-10800,0,79020,18,0
neijiang,546854.0,29.583536,105.06216,0,28800,28800,0,42720,19,0
bremen,546429.0,53.083333,8.8,3600,3600,7200,0,69660,21,0
sharjah,543942.0,25.35731,55.403304,0,14400,14400,0,54240,19,0
matola,543907.0,-25.9622222,32.4588889,0,7200,7200,0,55380,17,0
dushanbe,543105.0,38.56,68.7738889,0,18000,18000,0,52560,19,0
sargodha,542761.0,32.083611,72.671111,0,18000,18000,0,50820,19,0
vilnius,542381.0,54.6833333,25.3166667,3600,7200,10800,0,66120,21,0
cancun,542156.0,21.166667,-86.833333,3600,-21600,-18000,0,1560,19,0
portland,540513.0,45.5236111,-122.675,3600,-28800,-25200,0,13140,20,0
maanshan,540198.0,31.695678,118.498248,0,28800,28800,0,39720,19,0
las vegas,540111.0,36.175,-115.1363889,3600,-28800,-25200,0,9960,19,0
yangzhou,539715.0,32.397222,119.435833,0,28800,28800,0,39600,19,0
novokuznetsk,539622.0,53.7557,87.1099,0,25200,25200,0,51060,21,0
kisangani,539164.0,0.516667,25.2,0,7200,7200,0,55740,17,0
port said,538377.0,31.2666667,32.3,0,7200,7200,0,60420,18,0
warri,536068.0,5.516667,5.75,0,3600,3600,0,64440,18,0
tanggu,535298.0,39.021111,117.646944,0,28800,28800,0,40860,19,0
oklahoma city,532950.0,35.4675,-97.5161111,3600,-21600,-18000,0,5640,20,0
jiangmen,532419.0,22.583333,113.083333,0,28800,28800,0,40080,19,0
nashville,530852.0,36.1658333,-86.7844444,3600,-21600,-18000,0,3180,19,0
beira,530706.0,-19.8436111,34.8388889,0,7200,7200,0,55380,17,0
guntur,530636.0,16.3,80.45,0,19800,19800,0,47400,18,0
yueyang,528140.0,29.140833,113.111111,0,28800,28800,0,40740,19,0
cangzhou,527681.0,38.316667,116.866667,0,28800,28800,0,40920,19,0
san salvador,526013.0,13.7086111,-89.2030556,0,-21600,-21600,0,1500,18,0
torreon,524084.0,25.55,-103.433333,3600,-21600,-18000,0,5940,20,0
dehra dun,522135.0,30.316667,78.033333,0,19800,19800,0,49320,19,0
cuiaba,521961.0,-15.583333,-56.083333,0,-14400,-14400,0,77580,17,0
lopez mateos,521056.0,19.558333,-99.261389,3600,-21600,-18000,0,4380,20,0
petaling jaya,520712.0,3.083333,101.65,0,28800,28800,0,41220,19,0
ryazan,520177.0,54.6269,39.6916,0,14400,14400,0,62640,21,0
hanover,519144.0,52.366667,9.716667,3600,3600,7200,0,69240,21,0
tyumen,519124.0,57.152222,65.527222,0,21600,21600,0,57240,21,0
durgapur,518922.0,23.483333,87.316667,0,19800,19800,0,46380,18,0
tucson,518907.0,32.2216667,-110.9258333,0,-25200,-25200,0,8460,19,0
ajmer,517947.0,26.45,74.633333,0,19800,19800,0,49740,19,0
lisbon,517798.0,38.716667,-9.133333,3600,0,3600,0,71280,20,0
changde,517780.0,29.046378,111.678304,0,28800,28800,0,41100,19,0
jiaozuo,517540.0,35.239722,113.233056,0,28800,28800,0,41400,19,0
ulhasnagar,516625.0,19.216667,73.15,0,19800,19800,0,49380,19,0
kolhapur,516184.0,16.7,74.216667,0,19800,19800,0,48900,19,0
lipetsk,515659.0,52.603111,39.570762,0,14400,14400,0,62160,21,0
shiliguri,515623.0,26.716111,88.423611,0,19800,19800,0,46440,18,0
goteborg,515253.0,57.716667,11.966667,3600,3600,7200,0,70260,21,0
eskisehir,515155.0,39.776667,30.520556,3600,7200,10800,0,61920,20,0
hamadan,514134.0,34.799216,48.514556,3600,12600,16200,0,56940,20,0
penza,512607.0,53.200656,45.004643,0,14400,14400,0,60960,20,0
tembisa,511671.0,-25.996363,28.226802,0,7200,7200,0,56400,17,0
makati,510383.0,14.566667,121.033333,0,28800,28800,0,37500,18,0
asuncion,508797.0,-25.266667,-57.666667,0,-14400,-14400,0,77100,17,0
san nicolas de los garza,507837.0,25.75,-100.3,3600,-21600,-18000,0,5220,20,0
wuhu,507524.0,31.14607,118.57069,0,28800,28800,0,39660,19,0
toluca,505903.0,19.288333,-99.667222,3600,-21600,-18000,0,4440,20,0
niigata,505276.0,37.902222,139.023611,0,32400,32400,0,35580,18,0
duisburg,505271.0,51.433333,6.75,3600,3600,7200,0,69720,21,0
asansol,504320.0,23.683333,86.983333,0,19800,19800,0,46500,18,0
arak,503673.0,34.091741,49.689164,3600,12600,16200,0,56580,20,0
astrakhan,502537.0,46.349683,48.040756,0,14400,14400,0,58800,20,0
zhuhai,501199.0,22.276944,113.567778,0,28800,28800,0,39960,19,0
gold coast,501175.0,-28.00029,153.430878,0,36000,36000,0,26160,17,0
oshogbo,499444.0,7.766667,4.566667,0,3600,3600,0,64860,19,0
shashi,498780.0,30.307222,112.244722,0,28800,28800,0,41100,19,0
reynosa,498670.0,26.083333,-98.283333,3600,-21600,-18000,0,4800,20,0
makhachkala,497967.0,42.976378,47.502356,0,14400,14400,0,58320,20,0
newcastle,497961.0,-32.927792,151.784485,0,36000,36000,0,26040,17,0
nuremberg,497593.0,49.447778,11.068333,3600,3600,7200,0,68280,20,0
tlaquepaque,493667.0,20.65,-103.316667,3600,-21600,-18000,0,1860,19,0
leipzig,492637.0,51.3,12.333333,3600,3600,7200,0,68340,20,0
jamnagar,492087.0,22.466667,70.066667,0,19800,19800,0,50460,19,0
panchiao,491891.0,25.0391667,121.525,0,28800,28800,0,38340,18,0
aracaju,490184.0,-10.916667,-37.066667,0,-10800,-10800,0,73380,17,0
san pedro sula,489506.0,15.5,-88.0333333,0,-21600,-21600,0,1320,18,0
suez,488124.0,29.9666667,32.55,0,7200,7200,0,60180,18,0
albuquerque,487378.0,35.0844444,-106.6505556,3600,-25200,-21600,0,7800,20,0
tomsk,485523.0,56.494167,84.974167,0,25200,25200,0,55800,22,0
nanded,485150.0,19.15,77.333333,0,19800,19800,0,48420,18,0
saharanpur,484921.0,29.966667,77.55,0,19800,19800,0,49440,19,0
gulbarga,483655.0,17.333333,76.833333,0,19800,19800,0,48360,18,0
bhatpara,483175.0,22.871389,88.408889,0,19800,19800,0,46080,18,0
long beach,482618.0,33.7669444,-118.1883333,3600,-28800,-25200,0,10380,19,0
feira de santana,481926.0,-12.25,-38.95,0,-10800,-10800,0,73740,17,0
shah alam,481670.0,3.083333,101.533333,0,28800,28800,0,41220,19,0
himeji,481496.0,34.816667,134.7,0,32400,32400,0,36240,19,0
tuxtla gutierrez,481143.0,16.75,-93.116667,3600,-21600,-18000,0,2700,19,0
gomel,481000.0,52.4416667,30.9833333,0,10800,10800,0,64140,20,0
dresden,480801.0,51.05,13.75,3600,3600,7200,0,67980,20,0
hargeysa,478283.0,9.5833333,44.0666667,0,10800,10800,0,55560,18,0
yazd,477926.0,31.897222,54.3675,3600,12600,16200,0,55200,19,0
sialkot,477537.0,32.510103,74.54313,0,18000,18000,0,50400,19,0
kemerovo,477096.0,55.333333,86.083333,0,25200,25200,0,51720,21,0
yichang,476725.0,30.77135,111.321458,0,28800,28800,0,41340,19,0
the hague,476587.0,52.083333,4.3,3600,3600,7200,0,70440,21,0
cuautitlan izcalli,475199.0,19.646944,-99.246667,3600,-21600,-18000,0,4380,20,0
yinchuan,475101.0,38.468056,106.273056,0,28800,28800,0,43500,20,0
skopje,474887.0,42.0,21.4333333,3600,3600,7200,0,64440,19,0
vereeniging,474680.0,-26.673133,27.926147,0,7200,7200,0,56400,17,0
maoming,473251.0,21.65,110.9,0,28800,28800,0,40560,19,0
da nang,472255.0,16.067778,108.220833,0,25200,25200,0,40680,18,0
londrina,471836.0,-23.3,-51.15,0,-10800,-10800,0,75720,18,0
jiaojiang,470804.0,28.680278,121.442778,0,28800,28800,0,38700,18,0
matsudo,470287.0,35.783333,139.9,0,32400,32400,0,35100,18,0
juiz de fora,470201.0,-21.751667,-43.352778,0,-10800,-10800,0,73980,17,0
san juan,469958.0,-31.5375,-68.536389,0,-10800,-10800,0,79080,18,0
liverpool,468946.0,53.416667,-3.0,3600,0,3600,0,72540,21,0
nishinomiya,468929.0,34.716667,135.333333,0,32400,32400,0,36060,19,0
tula,468830.0,54.202133,37.644294,0,14400,14400,0,63000,21,0
kawaguchi,468574.0,35.805,139.720556,0,32400,32400,0,35160,18,0
sacramento,467898.0,38.5816667,-121.4933333,3600,-28800,-25200,0,11820,20,0
zunyi,466292.0,27.543056,106.823056,0,28800,28800,0,42120,19,0
belford roxo,466101.0,-22.761995,-43.404654,0,-10800,-10800,0,73920,17,0
jiaxing,466101.0,30.752198,120.749997,0,28800,28800,0,39120,18,0
jammu,465600.0,32.733333,74.866667,0,19800,19800,0,50340,19,0
fresno,465183.0,36.7477778,-119.7713889,3600,-28800,-25200,0,11160,20,0
lyon,463700.0,45.748457,4.846711,3600,3600,7200,0,69000,21,0
kananga,463556.0,-5.895833,22.417778,0,7200,7200,0,55920,17,0
bloemfontein,463084.0,-29.121065,26.214003,0,7200,7200,0,56580,17,0
xiangfan,462956.0,32.042203,112.144794,0,28800,28800,0,41280,19,0
gdansk,461865.0,54.36085,18.658291,3600,3600,7200,0,67620,20,0
calabar,461832.0,4.9517,8.322,0,3600,3600,0,63780,18,0
panzhihua,461513.0,26.547902,101.705386,0,28800,28800,0,43200,20,0
joinville,461312.0,-26.3,-48.833333,0,-10800,-10800,0,74880,17,0
zamboanga,460879.0,6.910255,122.071715,0,28800,28800,0,36600,18,0
mixco,460576.0,14.633333,-90.606389,0,-21600,-21600,0,1860,18,0
antwerp,459805.0,51.216667,4.416667,3600,3600,7200,0,70260,21,0
new orleans,459336.0,29.9544444,-90.075,3600,-21600,-18000,0,3240,19,0
ichikawa,458249.0,35.719722,139.924722,0,32400,32400,0,35100,18,0
ujjain,457395.0,23.183333,75.766667,0,19800,19800,0,49140,19,0
kirov,457387.0,58.596654,49.660068,0,14400,14400,0,61500,21,0
kota kinabalu,457375.0,5.9749,116.0724,0,28800,28800,0,37980,18,0
durango,457154.0,24.033333,-104.666667,3600,-21600,-18000,0,6120,20,0
niteroi,456461.0,-22.90214,-43.130301,0,-10800,-10800,0,73800,17,0
hengshui,456356.0,37.732222,115.701111,0,28800,28800,0,41160,19,0
chitungwiza,456206.0,-17.9938889,31.0480556,0,7200,7200,0,56460,17,0
santa fe,456044.0,-31.629484,-60.701036,0,-10800,-10800,0,77160,18,0
pontianak,455226.0,-0.033333,109.333333,0,25200,25200,0,39120,17,0
leeds,455124.0,53.8,-1.583333,3600,0,3600,0,72300,21,0
sao joao de meriti,454855.0,-22.798614,-43.360894,0,-10800,-10800,0,73920,17,0
bacolod,453954.0,10.6677,122.9533,0,28800,28800,0,36720,18,0
manado,451910.0,1.487,124.8455,0,28800,28800,0,35520,17,0
jining,450327.0,35.405,116.581389,0,28800,28800,0,40620,19,0
constantine,450126.0,36.365,6.6147222,0,3600,3600,0,67200,19,0
mesa,449878.0,33.4222222,-111.8219444,0,-25200,-25200,0,8820,19,0
urfa,449785.0,37.16708,38.793919,3600,7200,10800,0,59580,19,0
cleveland,449514.0,41.4994444,-81.6955556,3600,-18000,-14400,0,2700,20,0
virginia beach,449386.0,36.8527778,-75.9783333,3600,-18000,-14400,0,660,20,0
chengde,449325.0,40.770278,118.169722,0,28800,28800,0,40980,19,0
xuchang,449258.0,34.016667,113.816667,0,28800,28800,0,41100,19,0
sheffield,447048.0,53.366667,-1.5,3600,0,3600,0,72180,21,0
cheboksary,446786.0,56.132222,47.251944,0,14400,14400,0,61260,21,0
cagayan de oro,445212.0,8.481111,124.643056,0,28800,28800,0,36120,18,0
boksburg,445182.0,-26.214953,28.254732,0,7200,7200,0,56400,17,0
rajpur,444549.0,22.4125,88.418056,0,19800,19800,0,46020,18,0
amagasaki,442176.0,34.716667,135.416667,0,32400,32400,0,36060,19,0
malatya,442046.0,38.350183,38.316669,3600,7200,10800,0,59820,19,0
kansas city,442028.0,39.1141667,-94.6272222,3600,-21600,-18000,0,5460,20,0
kansas city,442028.0,39.0997222,-94.5783333,3600,-21600,-18000,0,5400,20,0
dasmarinas,441878.0,14.329444,120.936667,0,28800,28800,0,37500,18,0
pereira,440123.0,4.813333,-75.696111,0,-18000,-18000,0,83880,18,0
carrefour,439590.0,18.5383333,-72.4122222,3600,-18000,-14400,0,80640,18,0
iquitos,439114.0,-3.7480556,-73.2472222,0,-18000,-18000,0,82620,17,0
mawlamyine,438907.0,16.4913889,97.6255556,0,23400,23400,0,43260,18,0
baoji,438295.0,34.365907,107.359045,0,28800,28800,0,42720,19,0
kurashiki,437585.0,34.583333,133.766667,0,32400,32400,0,36420,19,0
garoua,436932.0,9.3,13.4,0,3600,3600,0,62880,18,0
mwanza,436811.0,-2.5166667,32.9,0,10800,10800,0,57240,18,0
kousseri,435986.0,12.0783333,15.0308333,0,3600,3600,0,62700,18,0
tirunelveli,435882.0,8.733333,77.7,0,19800,19800,0,47400,18,0
edinburgh,435794.0,55.95,-3.2,3600,0,3600,0,73320,21,0
malegaon,435397.0,20.55,74.533333,0,19800,19800,0,49200,19,0
matamoros,435159.0,25.883333,-97.5,3600,-21600,-18000,0,4560,20,0
kaliningrad,434959.0,54.706493,20.510951,0,10800,10800,0,67260,21,0
ananindeua,433956.0,-1.366667,-48.383333,0,-14400,-14400,0,80460,18,0
dadiangas,432571.0,6.112778,125.171667,0,28800,28800,0,35820,17,0
namangan,432479.0,40.9952778,71.6725,0,18000,18000,0,55800,20,0
katsina,432179.0,12.989428,7.600628,0,3600,3600,0,64560,18,0
welkom,432070.0,-27.986442,26.706612,0,7200,7200,0,56580,17,0
santa marta,431788.0,11.240791,-74.19904,0,-18000,-18000,0,84060,18,0
el mahalla el kubra,431088.0,30.9761111,31.1669444,0,7200,7200,0,60660,18,0
bristol,430714.0,51.45,-2.583333,3600,0,3600,0,71940,20,0
yokosuka,428999.0,35.283611,139.667222,0,32400,32400,0,35100,18,0
akola,428892.0,20.733333,77.0,0,19800,19800,0,48600,19,0
belgaum,428756.0,15.866667,74.5,0,19800,19800,0,48780,19,0
luqiao,427890.0,28.580835,121.377148,0,28800,28800,0,38700,18,0
bryansk,427241.0,53.252089,34.371666,0,14400,14400,0,63540,21,0
xalapa,425166.0,19.533333,-96.916667,3600,-21600,-18000,0,3840,20,0
barcelona,424819.0,10.1333333,-64.7,0,-16200,-16200,0,81720,18,0
chaozhou,424787.0,23.665129,116.637864,0,28800,28800,0,39360,18,0
gaya,423737.0,24.783333,85.0,0,19800,19800,0,47100,18,0
bratislava,423737.0,48.15,17.1166667,3600,3600,7200,0,66540,20,0
atlanta,422908.0,33.7488889,-84.3880556,3600,-18000,-14400,0,2280,20,0
likasi,422726.0,-10.981389,26.733333,0,7200,7200,0,54480,17,0
luxor,422408.0,25.6833333,32.65,0,7200,7200,0,59760,18,0
ibague,421689.0,4.438889,-75.232222,0,-18000,-18000,0,83760,18,0
east london,421562.0,-33.011051,27.910049,0,7200,7200,0,55740,17,0
shaoxing,421283.0,30.011019,120.571528,0,28800,28800,0,39060,18,0
erzurum,420919.0,39.908611,41.276944,3600,7200,10800,0,59340,19,0
ivanovo,420843.0,56.997192,40.971392,0,14400,14400,0,63060,21,0
akure,420623.0,7.25256,5.193118,0,3600,3600,0,64680,18,0
asyut,420614.0,27.1827778,31.1827778,0,7200,7200,0,60240,18,0
kenitra,420534.0,34.261008,-6.580203,0,0,0,0,73680,20,0
jambi,420391.0,-1.6,103.616667,0,25200,25200,0,40380,18,0
korba,419326.0,22.35,82.683333,0,19800,19800,0,47400,18,0
bokaro,418578.0,23.783333,85.966667,0,19800,19800,0,46740,18,0
san juan,418140.0,18.4683333,-66.1061111,0,-14400,-14400,0,82740,18,0
sukkur,417923.0,27.705164,68.857383,0,18000,18000,0,51240,19,0
auckland,417910.0,-36.866667,174.766667,0,43200,43200,0,20100,17,0
mangaluru,417423.0,12.863889,74.835278,0,19800,19800,0,48420,18,0
luohe,417356.0,33.571667,114.035278,0,28800,28800,0,41040,19,0
shymkent,414059.0,42.3,69.6,0,21600,21600,0,52920,20,0
hsinchu,413683.0,24.8047222,120.9713889,0,28800,28800,0,38400,18,0
szczecin,413658.0,53.439531,14.593891,3600,3600,7200,0,68340,20,0
omaha,413487.0,41.2586111,-95.9375,3600,-21600,-18000,0,6060,20,0
magnitogorsk,413357.0,53.418611,59.047222,0,21600,21600,0,57660,22,0
jhansi,412968.0,25.433333,78.583333,0,19800,19800,0,48660,19,0
santos,411411.0,-23.95,-46.333333,0,-10800,-10800,0,74520,17,0
toulouse,411145.0,43.599516,1.433188,3600,3600,7200,0,69480,21,0
maturin,410967.0,9.75,-63.1766667,0,-16200,-16200,0,81300,18,0
ardabil,410773.0,38.2498,48.2933,3600,12600,16200,0,57420,20,0
murcia,410364.0,37.987041,-1.130042,3600,3600,7200,0,69240,21,0
chaoyang,410005.0,41.570278,120.458611,0,28800,28800,0,40560,19,0
kursk,409435.0,51.737329,36.187349,0,14400,14400,0,62760,21,0
kitchener,409111.0,43.45,-80.5,3600,-18000,-14400,0,2700,20,0
panama,408188.0,8.9666667,-79.5333333,0,-18000,-18000,0,85140,18,0
shiyan,408055.0,32.6475,110.778056,0,28800,28800,0,41700,19,0
santiago del estero,407636.0,-27.795112,-64.261489,0,-10800,-10800,0,78420,18,0
bien hoa,407224.0,10.95,106.816667,0,25200,25200,0,40620,18,0
resistencia,406967.0,-27.46056,-58.983886,0,-10800,-10800,0,77220,18,0
ribeirao das neves,406840.0,-19.783333,-44.1,0,-10800,-10800,0,74340,17,0
hirakata,406335.0,34.8,135.633333,0,32400,32400,0,36000,19,0
denpasar,405959.0,-8.65,115.216667,0,28800,28800,0,37020,18,0
tanta,404934.0,30.7911111,30.9980556,0,7200,7200,0,60660,18,0
newcastle,404849.0,-27.757956,29.931803,0,7200,7200,0,55800,17,0
jixi,403759.0,45.3,130.966667,0,28800,28800,0,38640,18,0
zanzibar,403670.0,-6.1666667,39.1833333,0,10800,10800,0,55500,18,0
tonala,401616.0,20.616667,-103.233333,3600,-21600,-18000,0,1860,19,0
kassala,401514.0,15.4558333,36.3988889,0,10800,10800,0,57900,19,0
kitwe,400955.0,-12.8166667,28.2,0,7200,7200,0,57600,18,0
tver,400216.0,56.860491,35.876027,0,14400,14400,0,64200,21,0
machida,399971.0,35.540278,139.450833,0,32400,32400,0,35160,18,0
yangjiang,399735.0,21.85,111.966667,0,28800,28800,0,40320,19,0
tiruppur,397554.0,11.1,77.35,0,19800,19800,0,47700,18,0
keelung,397516.0,25.1313889,121.7375,0,28800,28800,0,38280,18,0
villa nueva,397158.0,14.526944,-90.5875,0,-21600,-21600,0,1860,18,0
manchester,395516.0,53.5,-2.216667,3600,0,3600,0,72360,21,0
maracay,395412.0,10.2469444,-67.5958333,0,-16200,-16200,0,82380,18,0
vila velha,394937.0,-20.333333,-40.283333,0,-10800,-10800,0,73380,17,0
weifang,394732.0,36.71,119.101944,0,28800,28800,0,40200,19,0
fujisawa,394630.0,35.341944,139.47,0,32400,32400,0,35160,18,0
oakland,394579.0,37.8044444,-122.2697222,3600,-28800,-25200,0,11880,20,0
ndola,394559.0,-12.9666667,28.6333333,0,7200,7200,0,57480,17,0
samsun,394261.0,41.286667,36.33,3600,7200,10800,0,60720,19,0
kollam,394198.0,8.880556,76.591667,0,19800,19800,0,47700,18,0
serra,394160.0,-20.116667,-40.3,0,-10800,-10800,0,73380,17,0
tallinn,394023.0,59.4338889,24.7280556,3600,7200,10800,0,67800,21,0
bamenda,393871.0,5.9333333,10.1666667,0,3600,3600,0,63420,18,0
bello,392945.0,6.337315,-75.557951,0,-18000,-18000,0,84000,18,0
xinpu,392444.0,34.599722,119.159444,0,28800,28800,0,39900,19,0
sandakan,392332.0,5.8402,118.1179,0,28800,28800,0,37500,18,0
qandahar,391230.0,31.613323,65.710126,0,16200,16200,0,52440,19,0
diadema,390641.0,-23.7,-46.616667,0,-10800,-10800,0,74580,17,0
corrientes,390481.0,-27.480596,-58.834099,0,-10800,-10800,0,77160,18,0
samut prakan,388921.0,13.600417,100.596778,0,25200,25200,0,42300,18,0
nampula,388526.0,-15.1197222,39.2647222,0,7200,7200,0,54720,17,0
bissau,388094.0,11.85,-15.5833333,0,0,0,0,70080,19,0
iloilo,387748.0,10.696944,122.564444,0,28800,28800,0,36780,18,0
campos,387422.0,-21.75,-41.3,0,-10800,-10800,0,73500,17,0
bochum,387061.0,51.483333,7.216667,3600,3600,7200,0,69600,21,0
misratah,386120.0,32.3783333,15.0905556,0,7200,7200,0,64680,19,0
maua,386077.0,-23.666667,-46.45,0,-10800,-10800,0,74580,17,0
abomey-calavi,385823.0,6.45,2.35,0,3600,3600,0,65340,19,0
toyonaka,384463.0,34.783333,135.466667,0,32400,32400,0,36000,19,0
honolulu,384241.0,21.3069444,-157.8583333,0,-36000,-36000,0,18600,19,0
betim,384038.0,-19.966667,-44.216667,0,-10800,-10800,0,74340,17,0
fukuyama,383302.0,34.483333,133.366667,0,32400,32400,0,36480,19,0
miami,382894.0,25.7738889,-80.1938889,3600,-18000,-14400,0,420,20,0
pasto,382242.0,1.213611,-77.281111,0,-18000,-18000,0,84000,18,0
tulsa,382005.0,36.1538889,-95.9925,3600,-21600,-18000,0,5340,20,0
caxias do sul,381277.0,-29.1689,-51.1785,0,-10800,-10800,0,75180,17,0
nizhniy tagil,381121.0,57.919444,59.965,0,21600,21600,0,58800,22,0
huancayo,380098.0,-12.0666667,-75.2333333,0,-18000,-18000,0,82440,17,0
dezhou,379555.0,37.448611,116.2925,0,28800,28800,0,40980,19,0
palma,378884.0,39.574337,2.655222,3600,3600,7200,0,68580,21,0
krugersdorp,378833.0,-26.092835,27.790701,0,7200,7200,0,56520,17,0
panihati,378741.0,22.694167,88.374444,0,19800,19800,0,46080,18,0
chungho,378389.0,24.9944444,121.4727778,0,28800,28800,0,38340,18,0
toyohashi,378377.0,34.766667,137.383333,0,32400,32400,0,35580,18,0
cimahi,378027.0,-6.698333,107.275278,0,25200,25200,0,39120,17,0
brno,377407.0,49.2,16.633333,3600,3600,7200,0,66840,20,0
delmas,377194.0,18.5447222,-72.3027778,3600,-18000,-14400,0,80640,18,0
zhoukou,377061.0,33.633333,114.633333,0,28800,28800,0,40860,19,0
makiyivka,376607.0,48.047816,37.925764,3600,7200,10800,0,61500,20,0
kahramanmaras,376247.0,37.584705,36.926405,3600,7200,10800,0,60060,19,0
nonthaburi,375826.0,13.862167,100.513417,0,25200,25200,0,42360,18,0
taoyuan,375366.0,24.9869444,121.3055556,0,28800,28800,0,38340,18,0
tirana,374801.0,41.3275,19.8188889,3600,3600,7200,0,64740,19,0
sao jose do rio preto,374706.0,-20.8,-49.383333,0,-10800,-10800,0,75540,17,0
kaunas,374655.0,54.9,23.9,3600,7200,10800,0,66480,21,0
xuanhua,373422.0,40.610278,115.044722,0,28800,28800,0,41700,19,0
colorado springs,373072.0,38.8338889,-104.8208333,3600,-25200,-21600,0,7860,20,0
seremban,372931.0,2.7297,101.9381,0,28800,28800,0,41100,19,0
ife,372191.0,7.466667,4.566667,0,3600,3600,0,64860,19,0
pingxiang,372123.0,27.616667,113.85,0,28800,28800,0,40440,19,0
van,371911.0,38.492393,43.38311,3600,7200,10800,0,58680,19,0
bobo dioulasso,370809.0,11.2,-4.3,0,0,0,0,67320,18,0
tel aviv-yafo,370480.0,32.067778,34.764722,3600,7200,10800,0,59940,19,0
abadan,370220.0,30.3392,48.3043,3600,12600,16200,0,56460,20,0
minneapolis,367773.0,44.98,-93.2636111,3600,-21600,-18000,0,6000,20,0
arlington,367535.0,32.7355556,-97.1077778,3600,-21600,-18000,0,5220,20,0
ahmadnagar,367168.0,19.083333,74.733333,0,19800,19800,0,49020,19,0
bologna,367168.0,44.483333,11.333333,3600,3600,7200,0,67260,20,0
dhule,367010.0,20.9,74.783333,0,19800,19800,0,49140,19,0
olinda,366761.0,-8.016667,-34.85,0,-10800,-10800,0,73080,17,0
bydgoszcz,366452.0,53.127062,18.019987,3600,3600,7200,0,67440,20,0
kuantan,366253.0,3.8077,103.326,0,28800,28800,0,40860,19,0
petare,365959.0,10.4833333,-66.8166667,0,-16200,-16200,0,82260,18,0
xico,365793.0,19.266667,-98.933333,3600,-21600,-18000,0,4320,20,0
las palmas,365418.0,28.099727,-15.41343,3600,0,3600,0,71520,20,0
tetouan,365355.0,35.571091,-5.372424,0,0,0,0,73560,20,0
larkana,364168.0,27.555082,68.214137,0,18000,18000,0,51420,19,0
christchurch,363925.0,-43.533333,172.633333,0,43200,43200,0,19680,17,0
wuppertal,363240.0,51.266667,7.183333,3600,3600,7200,0,69600,21,0
stavropol,363069.0,45.0428,41.9734,0,14400,14400,0,60000,20,0
villahermosa,362416.0,17.983333,-92.916667,3600,-21600,-18000,0,2760,19,0
toyota,362386.0,35.083333,137.15,0,32400,32400,0,35640,18,0
zhaoqing,361969.0,23.051157,112.459722,0,28800,28800,0,40320,19,0
bhagalpur,361587.0,25.25,87.0,0,19800,19800,0,46680,18,0
shekhupura,361408.0,31.713056,73.978333,0,18000,18000,0,50460,19,0
carapicuiba,361120.0,-23.516667,-46.833333,0,-10800,-10800,0,74640,17,0
sanchung,360829.0,25.0630556,121.4638889,0,28800,28800,0,38340,18,0
tamale,360644.0,9.4,-0.8333333,0,0,0,0,66300,18,0
ulan-ude,360281.0,51.826053,107.609794,0,32400,32400,0,45540,21,0
lublin,360044.0,51.25,22.566667,3600,3600,7200,0,65880,20,0
neuquen,359037.0,-38.951606,-68.059102,0,-10800,-10800,0,78060,18,0
anqing,358661.0,30.509167,117.050556,0,28800,28800,0,39960,19,0
taraz,358167.0,42.9,71.366667,0,21600,21600,0,52620,20,0
manizales,357819.0,5.06889,-75.517383,0,-18000,-18000,0,83880,18,0
sanmenxia,357767.0,34.774722,111.181389,0,28800,28800,0,41880,19,0
zanjan,357489.0,36.6736,48.4787,3600,12600,16200,0,57180,20,0
iwaki,357313.0,37.05,140.883333,0,32400,32400,0,35040,18,0
bacoor,356987.0,14.459027,120.929034,0,28800,28800,0,37500,18,0
asahikawa,356615.0,43.767778,142.370278,0,32400,32400,0,35640,18,0
ambon,355607.0,-3.695426,128.181405,0,32400,32400,0,34320,18,0
tabuk,355469.0,28.399804,36.571505,0,10800,10800,0,59100,19,0
wichita,355244.0,37.6922222,-97.3372222,3600,-21600,-18000,0,5880,20,0
samarinda,355223.0,-0.5,117.15,0,28800,28800,0,37200,18,0
mazatlan,354730.0,23.216667,-106.416667,3600,-25200,-21600,0,6480,19,0
takatsuki,354472.0,34.85,135.616667,0,32400,32400,0,36000,19,0
thessaloniki,354291.0,40.6402778,22.9438889,3600,7200,10800,0,63840,20,0
neiva,352859.0,2.927299,-75.281885,0,-18000,-18000,0,83640,18,0
okazaki,352364.0,34.916667,137.15,0,32400,32400,0,35640,18,0
apodaca,352246.0,25.766667,-100.2,3600,-21600,-18000,0,5220,20,0
vinnytsya,352113.0,49.232776,28.480968,3600,7200,10800,0,64020,20,0
anshun,351936.0,26.25,105.933333,0,28800,28800,0,42180,19,0
suita,351634.0,34.75,135.533333,0,32400,32400,0,36000,19,0
tema,351556.0,5.6166667,-0.0166667,0,0,0,0,65820,18,0
ixtapaluca,351015.0,19.316667,-98.883333,3600,-21600,-18000,0,4260,20,0
muzaffarnagar,349741.0,29.466667,77.683333,0,19800,19800,0,49320,19,0
nuevo laredo,349562.0,27.5,-99.516667,3600,-21600,-18000,0,5220,20,0
bilbao,349270.0,43.260919,-2.938764,3600,3600,7200,0,70440,21,0
sanandaj,349200.0,35.3144,46.9923,3600,12600,16200,0,57360,20,0
latur,348994.0,18.4,76.583333,0,19800,19800,0,48480,18,0
campina grande,348943.0,-7.216667,-35.883333,0,-10800,-10800,0,73380,17,0
camaguey,347572.0,21.3808333,-77.9169444,3600,-18000,-14400,0,85860,19,0
florence,347194.0,43.766667,11.25,3600,3600,7200,0,67140,20,0
london,346774.0,42.983333,-81.25,3600,-18000,-14400,0,2820,20,0
chifeng,346654.0,42.268333,118.963611,0,28800,28800,0,41040,19,0
zurich,346185.0,47.366667,8.55,3600,3600,7200,0,68460,21,0
astana,345621.0,51.181111,71.427778,0,21600,21600,0,54180,21,0
belgorod,345293.0,50.610743,36.580152,0,14400,14400,0,62400,21,0
kusti,345102.0,13.1666667,32.6666667,0,10800,10800,0,58560,19,0
qitaihe,345033.0,45.8,130.85,0,28800,28800,0,38760,18,0
doha,344939.0,25.286667,51.533333,0,10800,10800,0,55140,18,0
turmero,344746.0,10.2333333,-67.4833333,0,-16200,-16200,0,82380,18,0
arkhangelsk,344603.0,64.5401,40.5433,0,14400,14400,0,66540,22,0
boma,344522.0,-5.85,13.05,0,3600,3600,0,61800,18,0
cuernavaca,343785.0,18.916667,-99.25,3600,-21600,-18000,0,4320,20,0
kurgan,343132.0,55.45,65.333333,0,21600,21600,0,56760,21,0
santa ana,343054.0,33.7455556,-117.8669444,3600,-28800,-25200,0,10320,19,0
soledad,342562.0,10.918433,-74.76459,0,-18000,-18000,0,84180,18,0
zhongshan,342306.0,22.520576,113.382318,0,28800,28800,0,40020,19,0
piracicaba,342216.0,-22.716667,-47.633333,0,-10800,-10800,0,74940,17,0
buraydah,341981.0,26.325986,43.974966,0,10800,10800,0,57060,18,0
nice,341621.0,43.713644,7.25952,3600,3600,7200,0,68100,20,0
jhang,341311.0,31.306773,72.32814,0,18000,18000,0,50820,19,0
arusha,341155.0,-3.3666667,36.6833333,0,10800,10800,0,56280,18,0
ambattur,341078.0,13.076667,80.088611,0,19800,19800,0,47220,18,0
iseyin,340707.0,7.966667,3.6,0,3600,3600,0,65160,19,0
koriyama,340563.0,37.4,140.383333,0,32400,32400,0,35160,18,0
kashiwa,340228.0,35.854444,139.968889,0,32400,32400,0,35100,18,0
aksu,340020.0,41.123056,80.264444,0,28800,28800,0,50100,21,0
irapuato,339568.0,20.683333,-101.35,3600,-21600,-18000,0,4980,20,0
tokorozawa,339441.0,35.786389,139.467778,0,32400,32400,0,35220,18,0
leicester,339240.0,52.633333,-1.133333,3600,0,3600,0,71880,20,0
leicester,339240.0,52.664913,-1.034894,3600,0,3600,0,71880,20,0
kaluga,338982.0,54.529302,36.275415,0,14400,14400,0,63420,21,0
macapa,338937.0,0.033333,-51.05,0,-10800,-10800,0,77640,18,0
raleigh,338759.0,35.7719444,-78.6388889,3600,-18000,-14400,0,1140,20,0
kawagoe,337937.0,35.908611,139.485278,0,32400,32400,0,35220,18,0
tungi,337620.0,23.89,90.4058333,0,21600,21600,0,45720,18,0
bellary,336710.0,15.15,76.933333,0,19800,19800,0,48120,18,0
itaquaquecetuba,336686.0,-23.483333,-46.35,0,-10800,-10800,0,74520,17,0
san jose,335056.0,9.933333,-84.083333,0,-21600,-21600,0,86340,17,0
bauru,335031.0,-22.316667,-49.066667,0,-10800,-10800,0,75300,17,0
fengshan,334443.0,22.6333333,120.35,0,28800,28800,0,38340,18,0
tieling,333907.0,42.293056,123.841389,0,28800,28800,0,39840,19,0
anaheim,333689.0,33.8352778,-117.9136111,3600,-28800,-25200,0,10320,19,0
qazvin,333652.0,36.2797,50.0049,3600,12600,16200,0,56760,20,0
orel,333310.0,52.965076,36.078495,0,14400,14400,0,63060,21,0
muzaffarpur,333235.0,26.116667,85.4,0,19800,19800,0,47100,18,0
kamarhati,332997.0,22.671111,88.374722,0,19800,19800,0,46080,18,0
wad madani,332752.0,14.4,33.5333333,0,10800,10800,0,58500,19,0
tucheng,332405.0,24.9833333,121.4333333,0,28800,28800,0,38340,18,0
vinnitsa,332400.0,49.232776,28.480968,3600,7200,10800,0,64020,20,0
montes claros,332384.0,-16.716667,-43.866667,0,-10800,-10800,0,74520,17,0
plovdiv,332088.0,42.15,24.75,3600,7200,10800,0,63660,20,0
khorramshahr,331254.0,30.4397,48.1664,3600,12600,16200,0,56520,20,0
cariacica,330681.0,-20.266667,-40.416667,0,-10800,-10800,0,73440,17,0
mathura,330543.0,27.5,77.683333,0,19800,19800,0,49140,19,0
bujumbura,330539.0,-3.3761111,29.36,0,7200,7200,0,58080,18,0
khorramabad,329847.0,33.487778,48.355833,3600,12600,16200,0,56820,20,0
soyapango,329704.0,13.7347222,-89.1513889,0,-21600,-21600,0,1440,18,0
patiala,329248.0,30.326667,76.400278,0,19800,19800,0,49740,19,0
pavlodar,329014.0,52.3,76.95,0,21600,21600,0,53100,20,0
asfi,328883.0,32.299392,-9.237181,0,0,0,0,74100,20,0
chandrapur,328377.0,19.95,79.3,0,19800,19800,0,48000,18,0
pacet,328324.0,-6.750278,107.046667,0,25200,25200,0,39120,17,0
canoas,328297.0,-29.933333,-51.183333,0,-10800,-10800,0,75060,17,0
sochi,327613.0,43.599167,39.725689,0,14400,14400,0,60300,20,0
bielefeld,327198.0,52.033333,8.533333,3600,3600,7200,0,69420,21,0
yanji,326957.0,42.771389,129.423333,0,28800,28800,0,38580,18,0
piura,326592.0,-5.2,-80.6333333,0,-18000,-18000,0,84300,18,0
bhilwara,326454.0,25.35,74.633333,0,19800,19800,0,49620,19,0
moji das cruzes,325753.0,-23.516667,-46.183333,0,-10800,-10800,0,74520,17,0
thrissur,325140.0,10.516667,76.216667,0,19800,19800,0,47940,18,0
brahmapur,324753.0,19.316667,84.783333,0,19800,19800,0,46620,18,0
tampa,324465.0,27.9472222,-82.4586111,3600,-18000,-14400,0,1200,20,0
sao vicente,324464.0,-23.966667,-46.383333,0,-10800,-10800,0,74520,17,0
canberra,324025.0,-35.27603,149.13435,0,36000,36000,0,26460,17,0